1CM8	110	111	112
1Q41	133	134	135
1S9I	148	149	150
1T46	671	672	673
1UA2	92	93	94
1XJD	459	460	461
2C47	120	121	122
2CMW	119	120	121
2DQ7	83	84	85
2HW7	160	161	162
2I1M	664	665	666
2JDO	230	231	232
2NRU	263	264	265
2QD9	107	108	109
2RKU	131	132	133
2V7O	91	92	93
2VZ6	90	91	92
2WEL	91	92	93
2X2M	805	806	807
2X4Z	396	397	398
2XNM	87	88	89
2Y7J	108	109	110
2YCF	302	303	304
2YEX	85	86	87
3BBT	772	773	774
3BHY	94	95	96
3BLR	104	105	106
3E7O	109	110	111
3EQR	206	207	208
3F66	1158	1159	1160
3FHR	119	120	121
3FXZ	345	346	347
3FZT	503	504	505
3HDM	177	178	179
3HNG	910	911	912
3KN5	499	500	501
3MPM	317	318	319
3NR9	244	245	246
3PLS	1162	1163	1164
3POZ	791	792	793
3PP0	799	800	801
3Q4U	284	285	286
3R04	121	122	123
3RGF	98	99	100
3S95	414	415	416
3V8S	154	155	156
3VO3	917	918	919
3VVH	144	145	146
3WF7	173	174	175
3ZBF	2027	2028	2029
4AT5	634	635	636
4AU8	81	82	83
4B6L	140	141	142
4BKY	87	88	89
4CLJ	1197	1198	1199
4CRS	738	739	740
4E93	637	638	639
4EYJ	108	109	110
4F9C	135	136	137
4FYO	449	450	451
4GCJ	81	82	83
4GIH	979	980	981
4GV1	228	229	230
4HCU	436	437	438
4HGS	117	118	119
4HVD	903	904	905
4I4E	500	501	502
4IM0	87	88	89
4IVA	930	931	932
4K33	556	557	558
4KIK	97	98	99
4KWP	114	115	116
4L7F	109	110	111
4MXO	339	340	341
4NW6	148	149	150
4OBO	106	107	108
4PMM	590	591	592
4QTE	106	107	108
4RFZ	475	476	477
4RT7	692	693	694
4TND	264	265	266
4TWC	83	84	85
4U8Z	100	101	102
4USF	109	110	111
4WOT	170	171	172
4X7Q	117	118	119	
4YLK	239	240	241
4YMJ	618	619	620
5BX6	121	122	123
5EAK	130	131	132
5EBZ	96	97	98
5EZV	94	95	96
5G1X	211	212	213
5GRN	675	676	677
5H2U	265	266	267
5HES	83	84	85
5HU9	316	317	318
5JIX	
5JZN	466	467	468
5L0N	
5LI9	333	334	335
5MY8	166	167	168
5NKF	693	694	695
5U6B	621	622	623




